4294967294,0
4294967279,60
4294967279,59
4294967279,57
4294967278,319
4294967278,318
4294967278,317
4294967278,316
4294967278,359
4294967278,385
4294967279,191
4294967278,358
4294967279,321
4294967278,189
4294967278,188
4294967279,54
4294967279,53
4294967279,51
4294967279,49
4294967278,355
4294967278,353
4294967279,552
4294967278,183
4294967278,182
4294967279,315
4294967278,312
4294967279,48
4294967279,47
4294967278,311
4294967278,351
4294967279,549
4294967278,177
4294967278,176
4294967279,547
4294967278,310
4294967278,384
4294967279,320
4294967278,383
4294967279,541
4294967279,154
4294967279,42
4294967279,41
4294967279,40
4294967279,39
4294967279,538
4294967279,306
4294967279,38
4294967279,305
4294967279,290
4294967279,304
4294967279,537
4294967279,36
4294967279,536
4294967279,34
4294967279,33
4294967279,32
4294967279,31
4294967279,297
4294967279,289
4294967279,303
4294967279,288
4294967279,302
4294967279,30
4294967279,29
4294967279,535
4294967279,28
4294967279,534
4294967279,27
4294967279,286
4294967279,25
4294967279,301
4294967279,23
4294967279,21
4294967279,20
4294967279,267
4294967279,287
4294967279,569
4294967278,382
4294967278,381
4294967279,137
4294967279,285
4294967278,380
4294967279,284
4294967279,268
4294967278,368
4294967279,270
4294967279,18
4294967279,17
4294967279,15
4294967279,266
4294967279,296
4294967279,277
4294967279,265
4294967279,299
4294967279,14
4294967279,11
4294967279,276
4294967279,295
4294967279,261
4294967279,275
4294967278,379
4294967279,298
4294967279,10
4294967279,9
4294967279,273
4294967279,256
4294967279,532
4294967279,281
4294967279,253
4294967278,332
4294967278,331
4294967278,330
4294967278,256
4294967279,575
4294967278,378
4294967294,423
4294967279,574
4294967278,377
4294967278,376
4294967279,573
4294967278,327
4294967278,375
4294967278,326
4294967278,252
4294967278,250
4294967279,572
4294967278,249
4294967294,416
4294967294,52
4294967278,247
4294967278,245
4294967278,243
4294967278,241
4294967278,238
4294967294,83
4294967278,325
4294967278,374
4294967279,571
4294967279,539
4294967279,0
4294967278,235
4294967278,233
4294967294,92
4294967294,88
4294967294,18
4294967294,127
4294967294,14
4294967294,126
4294967294,20
4294967294,13
4294967278,230
4294967278,228
4294967278,226
4294967278,225
4294967278,223
4294967294,470
4294967278,221
4294967278,218
4294967278,217
4294967278,214
4294967278,324
4294967278,212
4294967278,211
4294967278,322
4294967294,6
4294967278,209
4294967294,30
4294967294,61
4294967294,93
4294967294,95
4294967278,208
4294967294,1414
4294967294,50
4294967294,12
4294967294,920
4294967294,27
4294967294,969
4294967294,11
4294967294,81
4294967294,68
4294967278,132
4294967278,131
4294967278,130
4294967278,129
4294967278,128
4294967278,127
4294967278,126
4294967278,125
4294967278,124
4294967278,123
4294967278,122
4294967278,121
4294967278,120
4294967278,119
4294967278,118
4294967278,117
4294967278,116
4294967278,115
4294967278,114
4294967278,113
4294967278,112
4294967278,111
4294967278,110
4294967278,109
4294967278,108
4294967278,107
4294967278,106
4294967278,105
4294967278,104
4294967278,103
4294967278,102
4294967278,101
4294967278,100
4294967278,99
4294967278,98
4294967278,97
4294967278,96
4294967278,95
4294967278,94
4294967278,92
4294967278,320
4294967278,91
4294967278,364
4294967278,90
4294967278,363
4294967278,89
4294967278,87
4294967278,361
4294967278,86
4294967278,85
4294967278,84
4294967278,83
4294967278,82
4294967278,81
4294967278,80
4294967278,79
4294967278,78
4294967278,77
4294967278,357
4294967278,76
4294967278,315
4294967278,75
4294967278,356
4294967278,74
4294967278,73
4294967278,354
4294967278,72
4294967278,71
4294967278,70
4294967278,69
4294967278,68
4294967278,352
4294967278,67
4294967278,66
4294967278,65
4294967278,64
4294967278,63
4294967278,62
4294967278,61
4294967278,60
4294967278,59
4294967279,556
4294967279,76
4294967279,72
4294967279,71
4294967279,69
4294967279,66
4294967279,548
4294967279,546
4294967279,61
4294967279,58
4294967279,56
4294967279,311
4294967279,55
4294967279,52
4294967279,50
4294967279,46
4294967279,45
4294967279,291
4294967279,44
4294967279,43
4294967279,37
4294967279,35
4294967279,26
4294967279,24
4294967279,22
4294967279,19
4294967279,16
4294967279,13
4294967279,12
4294967279,8
4294967279,7
4294967279,6
4294967279,5
4294967279,4
4294967278,207
4294967294,1416
4294967278,206
4294967294,17
4294967294,67
4294967294,43
4294967294,51
4294967294,25
4294967294,946
4294967294,26
4294967294,5
4294967278,373
4294967278,346
4294967278,0
4294967278,93
4294967294,7
0,5
4294967294,436
29,5
29,4
29,3
29,2
29,1
4294967278,372
4294967279,570
27,5
